31 2
20 0.31072903 3.05012
23 0.32373372 3.1135244
29 0.27218035 2.956556
30 0.28697553 3.0545034
16 0.28459224 3.0031927
24 0.3045374 2.9775348
26 0.3012364 3.1073897
25 0.2978216 3.0000257
17 0.3018575 3.0684443
27 0.2764304 2.9776773
18 0.3062515 3.0292919
22 0.29754364 3.041671
28 0.31615657 3.1306865
19 0.29851878 3.049031
21 0.27411792 2.8698099
12 -0.66420656 0.52294016
3 -5.9482255 0.6136395
8 -0.67508346 0.5344312
13 -0.7153353 0.5280531
10 -0.6691105 0.51412797
6 -0.71012837 0.5207037
4 -5.8414373 0.6077843
5 -5.9127235 0.5851195
7 -0.66627634 0.5346171
11 -0.6521281 0.52979916
14 -0.7143841 0.51168114
1 -6.0582047 0.64929175
2 -6.033228 0.6355438
15 -0.6793557 0.7284025
9 -0.72384435 0.7380914
0 -0.8520851 0.14114885
